{
 "cells": [
  {
   "cell_type": "code",
   "execution_count": 1,
   "metadata": {
    "collapsed": true
   },
   "outputs": [],
   "source": [
    "def minimum_search1(extreme1, interval_length, measures_number, degree, delta):\n",
    "    \n",
    "    X = np.random.uniform(extreme1,extreme1 + interval_length, measures_number)\n",
    "    Xcopy = Xcopy2 = X \n",
    "    \n",
    "    print X\n",
    "    step = 0 \n",
    "    \n",
    "    while True:\n",
    "        step += 1\n",
    "        Xcopy2 = Xcopy\n",
    "        \n",
    "        \n",
    "        for i in xrange(measures_number):\n",
    "            W = np.matrix([ [x**j for j in range(degree+1)] for x in X])\n",
    "            Cb = np.linalg.inv(np.matmul(W.transpose(),W))\n",
    "            Xcopy[i] = X[i]+delta\n",
    "            Wcopy = np.matrix([ [x**j for j in range(degree+1)] for x in Xcopy])\n",
    "            Cbcopy = np.linalg.inv(np.matmul(Wcopy.transpose(),Wcopy))  \n",
    "            print 'ok'\n",
    "            \n",
    "            if np.count_nonzero(np.triu(np.absolute(Cbcopy)) < np.triu(np.absolute(Cb))) > (degree+1)(degree+2)/2:    \n",
    "                X[i] = Xcopy[i]\n",
    "                print 'O+'\n",
    "            \n",
    "            else:\n",
    "                Xcopy[i] = Xcopy[i]-2*delta\n",
    "                Wcopy= np.matrix([ [x**j for j in xrange(degree+1)] for x in Xcopy])\n",
    "                Cbcopy=np.linalg.inv(np.matmul(Wcopy.transpose(),Wcopy))\n",
    "                \n",
    "                if np.count_nonzero(np.triu(np.absolute(Cbcopy)) < np.triu(np.absolute(Cb))) > (degree+1)(degree+2)/2:    \n",
    "                    X[i] = Xcopy[i]\n",
    "                    print 'O-'\n",
    "                else:\n",
    "                    Xcopy[i] = X[i]\n",
    "                \n",
    "        if (np.linalg.norm(Xcopy - Xcopy2) < 0.001): \n",
    "            Cb = Cbcopy\n",
    "            \n",
    "            break \n",
    "            #if (Xcopy[i]>3 or Xcopy[i]<-3):\n",
    "                #break\n",
    "        #print X\n",
    "        #print Cb\n",
    "    return X, Cb, step\n",
    "    "
   ]
  },
  {
   "cell_type": "code",
   "execution_count": null,
   "metadata": {
    "collapsed": true
   },
   "outputs": [],
   "source": [
    "X=np.random.uniform(-3,3,N)\n",
    "Xcopy=X\n",
    "Xcopy2=X \n",
    "print X\n",
    "delta=0.1\n",
    "step=0\n",
    "while True:\n",
    "    Xcopy2 = Xcopy\n",
    "    step+=1\n",
    "    print step\n",
    "    for i in range(0,N,1):\n",
    "        W=np.matrix([ [x**j for j in range(g+1)] for x in X])\n",
    "        Cb=np.linalg.inv(np.matmul(W.transpose(),W))\n",
    "        Xcopy[i]=X[i]+delta\n",
    "        Wcopy= np.matrix([ [x**j for j in range(g+1)] for x in Xcopy])\n",
    "        Cbcopy=np.linalg.inv(np.matmul(Wcopy.transpose(),Wcopy))  \n",
    "        print 'ok'\n",
    "        check=0\n",
    "        for col in range(0,g+1):\n",
    "            for row in range(0,g+1):\n",
    "                if (Cbcopy.item((row,col))<=Cb.item((row,col))):\n",
    "                    check+=1\n",
    "        if (check>=(g+1)**2/2):    \n",
    "            X[i]=Xcopy[i]\n",
    "            print 'O+'\n",
    "        else:\n",
    "            Xcopy[i]=X[i]-2*delta\n",
    "            Wcopy= np.matrix([ [x**j for j in range(g+1)] for x in Xcopy])\n",
    "            Cbcopy=np.linalg.inv(np.matmul(Wcopy.transpose(),Wcopy))\n",
    "            check=0\n",
    "            for col in range(0,g+1):\n",
    "                for row in range(0,g+1):\n",
    "                    \n",
    "                    if (np.absolute(Cbcopy.item((row,col)))<=np.absolute(Cb.item((row,col)))):\n",
    "                        check+=1\n",
    "            if (check>=(g+1)**2/2):    \n",
    "                X[i]=Xcopy[i]\n",
    "                print 'O-'\n",
    "            else:\n",
    "                pass\n",
    "        if (np.linalg.norm(Xcopy - Xcopy2) < 0.001): \n",
    "            break \n",
    "        #if (Xcopy[i]>3 or Xcopy[i]<-3):\n",
    "            #break\n",
    "    #print X\n",
    "    #print Cb\n",
    "\n",
    "print 'la matrice di covarianza minima trovata è'\n",
    "print Cb\n",
    "print 'le x a cui corrisponde la Cb minima è'\n",
    "print X"
   ]
  },
  {
   "cell_type": "code",
   "execution_count": null,
   "metadata": {
    "collapsed": true
   },
   "outputs": [],
   "source": [
    "def minimum_search3(extreme1, interval_length, measures_number, degree, delta):\n",
    "    \n",
    "    X = Xcopy = Xcopy2 = np.random.uniform(extreme1,extreme1 + interval_length, measures_number)\n",
    "    \n",
    "    step = 0 \n",
    "    \n",
    "    while True: \n",
    "        \n",
    "        Xcopy2 = Xcopy\n",
    "        step += 1\n",
    "        \n",
    "        v = np.random.normal(0, 1, measures_number) \n",
    "        DX = delta*v/np.linalg.norm(v)\n",
    "        \n",
    "        W = np.matrix([ [x**j for j in range(g+1)] for x in X])\n",
    "        Cb = np.linalg.inv(np.matmul(W.transpose(),W))\n",
    "        \n",
    "        Xcopy = X + DX \n",
    "        Wcopy= np.matrix([ [x**j for j in xrange(degree+1)] for x in Xcopy])\n",
    "        Cbcopy = np.linalg.inv(np.matmul(Wcopy.transpose(),Wcopy))\n",
    "        \n",
    "        if np.count_nonzero(np.triu(Cbcopy) < np.triu(Cb)) > (degree+1)(degree+2)/2:    \n",
    "                X = Xcopy\n",
    "            \n",
    "        else: \n",
    "            \n",
    "            Xcopy = Xcopy - 2*DX\n",
    "            Wcopy = np.matrix([ [x**j for j in xrange(degree+1)] for x in Xcopy])\n",
    "            Cbcopy = np.linalg.inv(np.matmul(Wcopy.transpose(),Wcopy))\n",
    "            \n",
    "            if np.count_nonzero(np.triu(Cbcopy) < np.triu(Cb)) > (degree+1)(degree+2)/2:    \n",
    "                    X = Xcopy\n",
    "                   \n",
    "            else:\n",
    "                Xcopy = X\n",
    "    \n",
    "        if (np.linalg.norm(Xcopy - Xcopy2) < 0.001): \n",
    "            Cb = Cbcopy\n",
    "            \n",
    "            break \n",
    "    \n",
    "    return X, Cb, step \n",
    "    \n",
    "    "
   ]
  },
  {
   "cell_type": "code",
   "execution_count": 40,
   "metadata": {},
   "outputs": [],
   "source": [
    "def minimum_search2_(extreme1, interval_length, measures_number, degree, delta):\n",
    "    \n",
    "    X = np.random.uniform(extreme1,extreme1 + interval_length, measures_number)\n",
    "    Xcopy = X \n",
    "    \n",
    "    print X\n",
    "    step = 0 \n",
    "    \n",
    "    while (step <= 2000):\n",
    "        step += 1\n",
    "        \n",
    "        DX = np.zeros(measures_number)\n",
    "        \n",
    "        for i in xrange(measures_number):\n",
    "            \n",
    "            Xcopy = X \n",
    "            \n",
    "            W = np.matrix([ [x**j for j in range(degree+1)] for x in X])\n",
    "            Cb = np.linalg.inv(np.matmul(W.transpose(),W))\n",
    "            Xcopy[i] = X[i]+delta\n",
    "            Wcopy = np.matrix([ [x**j for j in range(degree+1)] for x in Xcopy])\n",
    "            Cbcopy = np.linalg.inv(np.matmul(Wcopy.transpose(),Wcopy))  \n",
    "            \n",
    "            \n",
    "            if np.count_nonzero(np.triu(np.absolute(Cbcopy)) < np.triu(np.absolute(Cb))) > (degree+1)*(degree+2)/4:    \n",
    "                DX[i] = delta\n",
    "                \n",
    "            \n",
    "            else:\n",
    "                Xcopy[i] = Xcopy[i]-2*delta\n",
    "                Wcopy = np.matrix([ [x**j for j in xrange(degree+1)] for x in Xcopy])\n",
    "                Cbcopy = np.linalg.inv(np.matmul(Wcopy.transpose(),Wcopy))\n",
    "                \n",
    "                if np.count_nonzero(np.triu(np.absolute(Cbcopy)) < np.triu(np.absolute(Cb))) > (degree+1)*(degree+2)/4:    \n",
    "                    DX[i] = -delta \n",
    "                    \n",
    "                else:\n",
    "                    DX[i] = 0 \n",
    "                    \n",
    "        \n",
    "        X += DX\n",
    "        #print(X, Xcopy2, DX)\n",
    "                \n",
    "        #if np.array_equal(DX, np.zeros(measures_number)) : \n",
    "            #Cb = Cbcopy\n",
    "            \n",
    "            \n",
    "            \n",
    "    return X, Cb, step\n",
    "    "
   ]
  },
  {
   "cell_type": "code",
   "execution_count": 22,
   "metadata": {},
   "outputs": [],
   "source": [
    "def minimum_search1(extreme1, interval_length, measures_number, degree, delta):\n",
    "    \n",
    "    X = np.random.uniform(extreme1,extreme1 + interval_length, measures_number)\n",
    "    Xcopy = X \n",
    "    \n",
    "    print X\n",
    "    step = 0 \n",
    "    \n",
    "    while True:\n",
    "        step += 1\n",
    "        \n",
    "        \n",
    "        DX = np.zeros(measures_number)\n",
    "        \n",
    "        for i in xrange(measures_number):\n",
    "            \n",
    "            Xcopy = X \n",
    "            \n",
    "            W = np.matrix([ [x**j for j in range(degree+1)] for x in X])\n",
    "            Cb = np.linalg.inv(np.matmul(W.transpose(),W))\n",
    "            \n",
    "            if (Xcopy[i] > (extreme1 + interval_length) - delta): \n",
    "                pass\n",
    "            else: \n",
    "                Xcopy[i] = X[i]+delta \n",
    "                \n",
    "            Wcopy = np.matrix([ [x**j for j in range(degree+1)] for x in Xcopy])\n",
    "            Cbcopy = np.linalg.inv(np.matmul(Wcopy.transpose(),Wcopy))  \n",
    "            \n",
    "            \n",
    "            if np.count_nonzero(np.triu(np.absolute(Cbcopy)) < np.triu(np.absolute(Cb))) > (degree+1)*(degree+2)/4:    \n",
    "                DX[i] = delta\n",
    "                \n",
    "            \n",
    "            else:\n",
    "                if (Xcopy[i] < (extreme1 + delta)):\n",
    "                    pass\n",
    "                else: \n",
    "                    Xcopy[i] = Xcopy[i]-2*delta\n",
    "                    \n",
    "                Wcopy = np.matrix([ [x**j for j in xrange(degree+1)] for x in Xcopy])\n",
    "                Cbcopy = np.linalg.inv(np.matmul(Wcopy.transpose(),Wcopy))\n",
    "                \n",
    "                if np.count_nonzero(np.triu(np.absolute(Cbcopy)) < np.triu(np.absolute(Cb))) > (degree+1)*(degree+2)/4:    \n",
    "                    DX[i] = -delta \n",
    "                    \n",
    "                else:\n",
    "                    DX[i] = 0 \n",
    "        \n",
    "        X += DX\n",
    "        #print(X, Xcopy2, DX)\n",
    "        W2 = np.matrix([ [x**j for j in range(degree+1)] for x in Xcopy])\n",
    "        Cb2 = np.linalg.inv(np.matmul(W2.transpose(),W2))\n",
    "                \n",
    "       \n",
    "            \n",
    "        if step>9500 and step<10000:\n",
    "            \n",
    "            print'x', X\n",
    "            print 'dx',DX\n",
    "            print 'Cb',Cb\n",
    "        \n",
    "                \n",
    "        if np.array_equal(DX, np.zeros(measures_number)) or\\\n",
    "        np.count_nonzero(np.triu(np.absolute(Cb)) < np.triu(np.absolute(Cb2))) > (degree+1)*(degree+2)/4 \\\n",
    "        or(step>10000): \n",
    "            \n",
    "            xg = np.sum(X)/measures_number\n",
    "            sk = np.sum(X**3)/(measures_number)\n",
    "                    \n",
    "            return X, Cb, xg, sk, step\n",
    "    "
   ]
  },
  {
   "cell_type": "code",
   "execution_count": 45,
   "metadata": {
    "collapsed": true
   },
   "outputs": [],
   "source": [
    "import numpy as np \n",
    "import time \n",
    "from numba import jit"
   ]
  },
  {
   "cell_type": "code",
   "execution_count": 24,
   "metadata": {},
   "outputs": [
    {
     "name": "stdout",
     "output_type": "stream",
     "text": [
      "[ -1.20037749e+00   2.58447658e+00   1.36439309e+00  -1.30208650e+00\n",
      "   2.98875887e+00  -1.23844633e+00   2.45087304e-01  -6.11659408e-01\n",
      "  -2.41150535e+00  -1.90438285e+00   3.59615982e-02   1.76704064e-03\n",
      "   9.60960700e-01  -1.86734050e+00  -3.65821474e-01   1.34366268e+00]\n",
      "x [-0.16237749  2.99847658 -0.08660691 -0.1620865   2.99975887 -0.16144633\n",
      " -0.1629127  -0.16265941 -2.99950535 -2.99938285 -0.1620384  -0.16023296\n",
      " -0.0850393  -3.0013405  -0.16182147 -0.08633732]\n",
      "dx [ 0.     0.     0.     0.     0.001  0.001  0.     0.     0.     0.     0.\n",
      "  0.001  0.001 -0.001  0.     0.001]\n",
      "Cb [[ 0.09179445  0.00324376 -0.01003977]\n",
      " [ 0.00324376  0.02315702  0.00118793]\n",
      " [-0.01003977  0.00118793  0.00367279]]\n",
      "x [-0.16037749  3.00047658 -0.08760691 -0.1600865   2.99775887 -0.16244633\n",
      " -0.1609127  -0.16365941 -3.00150535 -3.00138285 -0.1630384  -0.16123296\n",
      " -0.0860393  -3.0003405  -0.16282147 -0.08733732]\n",
      "dx [ 0.001  0.001  0.     0.001  0.     0.     0.001  0.    -0.001 -0.001  0.\n",
      "  0.     0.     0.     0.     0.   ]\n",
      "Cb [[ 0.09179144  0.00323435 -0.01003696]\n",
      " [ 0.00323435  0.0231534   0.0011911 ]\n",
      " [-0.01003696  0.0011911   0.00367118]]\n",
      "x [-0.16137749  2.99847658 -0.08860691 -0.1610865   2.99975887 -0.16344633\n",
      " -0.1619127  -0.16165941 -3.00050535 -3.00038285 -0.1610384  -0.16223296\n",
      " -0.0870393  -2.9993405  -0.16082147 -0.08833732]\n",
      "dx [ 0.     0.     0.     0.     0.001  0.     0.     0.001  0.     0.     0.001\n",
      "  0.     0.     0.     0.001  0.   ]\n",
      "Cb [[ 0.09179404  0.00324224 -0.0100383 ]\n",
      " [ 0.00324224  0.02315537  0.00118917]\n",
      " [-0.0100383   0.00118917  0.00367196]]\n",
      "x [-0.16237749  3.00047658 -0.08660691 -0.1620865   2.99775887 -0.16144633\n",
      " -0.1629127  -0.16265941 -2.99950535 -2.99938285 -0.1620384  -0.16023296\n",
      " -0.0850393  -3.0013405  -0.16182147 -0.08633732]\n",
      "dx [ 0.     0.001  0.001  0.     0.     0.001  0.     0.     0.     0.     0.\n",
      "  0.001  0.001 -0.001  0.     0.001]\n",
      "Cb [[ 0.09179536  0.00324587 -0.01003977]\n",
      " [ 0.00324587  0.02315707  0.0011877 ]\n",
      " [-0.01003977  0.0011877   0.00367278]]\n",
      "x [-0.16037749  2.99847658 -0.08760691 -0.1630865   2.99975887 -0.16244633\n",
      " -0.1609127  -0.16065941 -3.00150535 -3.00138285 -0.1630384  -0.16123296\n",
      " -0.0860393  -3.0003405  -0.16282147 -0.08733732]\n",
      "dx [ 0.001  0.     0.     0.     0.001  0.     0.001  0.001 -0.001 -0.001  0.\n",
      "  0.     0.     0.     0.     0.   ]\n",
      "Cb [[ 0.09179144  0.00323435 -0.01003696]\n",
      " [ 0.00323435  0.0231534   0.0011911 ]\n",
      " [-0.01003696  0.0011911   0.00367118]]\n",
      "x [-0.16137749  3.00047658 -0.08560691 -0.1610865   2.99775887 -0.16344633\n",
      " -0.1619127  -0.16165941 -3.00050535 -3.00038285 -0.1610384  -0.16223296\n",
      " -0.0870393  -2.9993405  -0.16082147 -0.08833732]\n",
      "dx [ 0.     0.001  0.001  0.001  0.     0.     0.     0.     0.     0.     0.001\n",
      "  0.     0.     0.     0.001  0.   ]\n",
      "Cb [[ 0.09179221  0.00323804 -0.0100383 ]\n",
      " [ 0.00323804  0.02315526  0.00118963]\n",
      " [-0.0100383   0.00118963  0.00367198]]\n",
      "x [-0.16237749  2.99847658 -0.08660691 -0.1620865   2.99975887 -0.16144633\n",
      " -0.1629127  -0.16265941 -2.99950535 -2.99938285 -0.1620384  -0.16023296\n",
      " -0.0850393  -3.0013405  -0.16182147 -0.08633732]\n",
      "dx [ 0.     0.     0.     0.     0.001  0.001  0.     0.     0.     0.     0.\n",
      "  0.001  0.001 -0.001  0.     0.001]\n",
      "Cb [[ 0.09179445  0.00324376 -0.01003977]\n",
      " [ 0.00324376  0.02315702  0.00118793]\n",
      " [-0.01003977  0.00118793  0.00367279]]\n",
      "x [-0.16037749  3.00047658 -0.08760691 -0.1600865   2.99775887 -0.16244633\n",
      " -0.1609127  -0.16365941 -3.00150535 -3.00138285 -0.1630384  -0.16123296\n",
      " -0.0860393  -3.0003405  -0.16282147 -0.08733732]\n",
      "dx [ 0.001  0.001  0.     0.001  0.     0.     0.001  0.    -0.001 -0.001  0.\n",
      "  0.     0.     0.     0.     0.   ]\n",
      "Cb [[ 0.09179144  0.00323435 -0.01003696]\n",
      " [ 0.00323435  0.0231534   0.0011911 ]\n",
      " [-0.01003696  0.0011911   0.00367118]]\n",
      "x [-0.16137749  2.99847658 -0.08860691 -0.1610865   2.99975887 -0.16344633\n",
      " -0.1619127  -0.16165941 -3.00050535 -3.00038285 -0.1610384  -0.16223296\n",
      " -0.0870393  -2.9993405  -0.16082147 -0.08833732]\n",
      "dx [ 0.     0.     0.     0.     0.001  0.     0.     0.001  0.     0.     0.001\n",
      "  0.     0.     0.     0.001  0.   ]\n",
      "Cb [[ 0.09179404  0.00324224 -0.0100383 ]\n",
      " [ 0.00324224  0.02315537  0.00118917]\n",
      " [-0.0100383   0.00118917  0.00367196]]\n",
      "x [-0.16237749  3.00047658 -0.08660691 -0.1620865   2.99775887 -0.16144633\n",
      " -0.1629127  -0.16265941 -2.99950535 -2.99938285 -0.1620384  -0.16023296\n",
      " -0.0850393  -3.0013405  -0.16182147 -0.08633732]\n",
      "dx [ 0.     0.001  0.001  0.     0.     0.001  0.     0.     0.     0.     0.\n",
      "  0.001  0.001 -0.001  0.     0.001]\n",
      "Cb [[ 0.09179536  0.00324587 -0.01003977]\n",
      " [ 0.00324587  0.02315707  0.0011877 ]\n",
      " [-0.01003977  0.0011877   0.00367278]]\n",
      "x [-0.16037749  2.99847658 -0.08760691 -0.1630865   2.99975887 -0.16244633\n",
      " -0.1609127  -0.16065941 -3.00150535 -3.00138285 -0.1630384  -0.16123296\n",
      " -0.0860393  -3.0003405  -0.16282147 -0.08733732]\n",
      "dx [ 0.001  0.     0.     0.     0.001  0.     0.001  0.001 -0.001 -0.001  0.\n",
      "  0.     0.     0.     0.     0.   ]\n",
      "Cb [[ 0.09179144  0.00323435 -0.01003696]\n",
      " [ 0.00323435  0.0231534   0.0011911 ]\n",
      " [-0.01003696  0.0011911   0.00367118]]\n",
      "x [-0.16137749  3.00047658 -0.08560691 -0.1610865   2.99775887 -0.16344633\n",
      " -0.1619127  -0.16165941 -3.00050535 -3.00038285 -0.1610384  -0.16223296\n",
      " -0.0870393  -2.9993405  -0.16082147 -0.08833732]\n",
      "dx [ 0.     0.001  0.001  0.001  0.     0.     0.     0.     0.     0.     0.001\n",
      "  0.     0.     0.     0.001  0.   ]\n",
      "Cb [[ 0.09179221  0.00323804 -0.0100383 ]\n",
      " [ 0.00323804  0.02315526  0.00118963]\n",
      " [-0.0100383   0.00118963  0.00367198]]\n",
      "x [-0.16237749  2.99847658 -0.08660691 -0.1620865   2.99975887 -0.16144633\n",
      " -0.1629127  -0.16265941 -2.99950535 -2.99938285 -0.1620384  -0.16023296\n",
      " -0.0850393  -3.0013405  -0.16182147 -0.08633732]\n",
      "dx [ 0.     0.     0.     0.     0.001  0.001  0.     0.     0.     0.     0.\n",
      "  0.001  0.001 -0.001  0.     0.001]\n",
      "Cb [[ 0.09179445  0.00324376 -0.01003977]\n",
      " [ 0.00324376  0.02315702  0.00118793]\n",
      " [-0.01003977  0.00118793  0.00367279]]\n",
      "x [-0.16037749  3.00047658 -0.08760691 -0.1600865   2.99775887 -0.16244633\n",
      " -0.1609127  -0.16365941 -3.00150535 -3.00138285 -0.1630384  -0.16123296\n",
      " -0.0860393  -3.0003405  -0.16282147 -0.08733732]\n",
      "dx [ 0.001  0.001  0.     0.001  0.     0.     0.001  0.    -0.001 -0.001  0.\n",
      "  0.     0.     0.     0.     0.   ]\n",
      "Cb [[ 0.09179144  0.00323435 -0.01003696]\n",
      " [ 0.00323435  0.0231534   0.0011911 ]\n",
      " [-0.01003696  0.0011911   0.00367118]]\n",
      "x [-0.16137749  2.99847658 -0.08860691 -0.1610865   2.99975887 -0.16344633\n",
      " -0.1619127  -0.16165941 -3.00050535 -3.00038285 -0.1610384  -0.16223296\n",
      " -0.0870393  -2.9993405  -0.16082147 -0.08833732]\n",
      "dx [ 0.     0.     0.     0.     0.001  0.     0.     0.001  0.     0.     0.001\n",
      "  0.     0.     0.     0.001  0.   ]\n",
      "Cb [[ 0.09179404  0.00324224 -0.0100383 ]\n",
      " [ 0.00324224  0.02315537  0.00118917]\n",
      " [-0.0100383   0.00118917  0.00367196]]\n",
      "x [-0.16237749  3.00047658 -0.08660691 -0.1620865   2.99775887 -0.16144633\n",
      " -0.1629127  -0.16265941 -2.99950535 -2.99938285 -0.1620384  -0.16023296\n",
      " -0.0850393  -3.0013405  -0.16182147 -0.08633732]\n",
      "dx [ 0.     0.001  0.001  0.     0.     0.001  0.     0.     0.     0.     0.\n",
      "  0.001  0.001 -0.001  0.     0.001]\n",
      "Cb [[ 0.09179536  0.00324587 -0.01003977]\n",
      " [ 0.00324587  0.02315707  0.0011877 ]\n",
      " [-0.01003977  0.0011877   0.00367278]]\n",
      "x [-0.16037749  2.99847658 -0.08760691 -0.1630865   2.99975887 -0.16244633\n",
      " -0.1609127  -0.16065941 -3.00150535 -3.00138285 -0.1630384  -0.16123296\n",
      " -0.0860393  -3.0003405  -0.16282147 -0.08733732]\n",
      "dx [ 0.001  0.     0.     0.     0.001  0.     0.001  0.001 -0.001 -0.001  0.\n",
      "  0.     0.     0.     0.     0.   ]\n",
      "Cb [[ 0.09179144  0.00323435 -0.01003696]\n",
      " [ 0.00323435  0.0231534   0.0011911 ]\n",
      " [-0.01003696  0.0011911   0.00367118]]\n",
      "x [-0.16137749  3.00047658 -0.08560691 -0.1610865   2.99775887 -0.16344633\n",
      " -0.1619127  -0.16165941 -3.00050535 -3.00038285 -0.1610384  -0.16223296\n",
      " -0.0870393  -2.9993405  -0.16082147 -0.08833732]\n",
      "dx [ 0.     0.001  0.001  0.001  0.     0.     0.     0.     0.     0.     0.001\n",
      "  0.     0.     0.     0.001  0.   ]\n",
      "Cb [[ 0.09179221  0.00323804 -0.0100383 ]\n",
      " [ 0.00323804  0.02315526  0.00118963]\n",
      " [-0.0100383   0.00118963  0.00367198]]\n",
      "x [-0.16237749  2.99847658 -0.08660691 -0.1620865   2.99975887 -0.16144633\n",
      " -0.1629127  -0.16265941 -2.99950535 -2.99938285 -0.1620384  -0.16023296\n",
      " -0.0850393  -3.0013405  -0.16182147 -0.08633732]\n",
      "dx [ 0.     0.     0.     0.     0.001  0.001  0.     0.     0.     0.     0.\n",
      "  0.001  0.001 -0.001  0.     0.001]\n",
      "Cb [[ 0.09179445  0.00324376 -0.01003977]\n",
      " [ 0.00324376  0.02315702  0.00118793]\n",
      " [-0.01003977  0.00118793  0.00367279]]\n",
      "x [-0.16037749  3.00047658 -0.08760691 -0.1600865   2.99775887 -0.16244633\n",
      " -0.1609127  -0.16365941 -3.00150535 -3.00138285 -0.1630384  -0.16123296\n",
      " -0.0860393  -3.0003405  -0.16282147 -0.08733732]\n",
      "dx [ 0.001  0.001  0.     0.001  0.     0.     0.001  0.    -0.001 -0.001  0.\n",
      "  0.     0.     0.     0.     0.   ]\n",
      "Cb [[ 0.09179144  0.00323435 -0.01003696]\n",
      " [ 0.00323435  0.0231534   0.0011911 ]\n",
      " [-0.01003696  0.0011911   0.00367118]]\n",
      "x [-0.16137749  2.99847658 -0.08860691 -0.1610865   2.99975887 -0.16344633\n",
      " -0.1619127  -0.16165941 -3.00050535 -3.00038285 -0.1610384  -0.16223296\n",
      " -0.0870393  -2.9993405  -0.16082147 -0.08833732]\n",
      "dx [ 0.     0.     0.     0.     0.001  0.     0.     0.001  0.     0.     0.001\n",
      "  0.     0.     0.     0.001  0.   ]\n",
      "Cb [[ 0.09179404  0.00324224 -0.0100383 ]\n",
      " [ 0.00324224  0.02315537  0.00118917]\n",
      " [-0.0100383   0.00118917  0.00367196]]\n",
      "x [-0.16237749  3.00047658 -0.08660691 -0.1620865   2.99775887 -0.16144633\n",
      " -0.1629127  -0.16265941 -2.99950535 -2.99938285 -0.1620384  -0.16023296\n",
      " -0.0850393  -3.0013405  -0.16182147 -0.08633732]\n",
      "dx [ 0.     0.001  0.001  0.     0.     0.001  0.     0.     0.     0.     0.\n",
      "  0.001  0.001 -0.001  0.     0.001]\n",
      "Cb [[ 0.09179536  0.00324587 -0.01003977]\n",
      " [ 0.00324587  0.02315707  0.0011877 ]\n",
      " [-0.01003977  0.0011877   0.00367278]]\n",
      "x [-0.16037749  2.99847658 -0.08760691 -0.1630865   2.99975887 -0.16244633\n",
      " -0.1609127  -0.16065941 -3.00150535 -3.00138285 -0.1630384  -0.16123296\n",
      " -0.0860393  -3.0003405  -0.16282147 -0.08733732]\n",
      "dx [ 0.001  0.     0.     0.     0.001  0.     0.001  0.001 -0.001 -0.001  0.\n",
      "  0.     0.     0.     0.     0.   ]\n",
      "Cb [[ 0.09179144  0.00323435 -0.01003696]\n",
      " [ 0.00323435  0.0231534   0.0011911 ]\n",
      " [-0.01003696  0.0011911   0.00367118]]\n",
      "x [-0.16137749  3.00047658 -0.08560691 -0.1610865   2.99775887 -0.16344633\n",
      " -0.1619127  -0.16165941 -3.00050535 -3.00038285 -0.1610384  -0.16223296\n",
      " -0.0870393  -2.9993405  -0.16082147 -0.08833732]\n",
      "dx [ 0.     0.001  0.001  0.001  0.     0.     0.     0.     0.     0.     0.001\n",
      "  0.     0.     0.     0.001  0.   ]\n",
      "Cb [[ 0.09179221  0.00323804 -0.0100383 ]\n",
      " [ 0.00323804  0.02315526  0.00118963]\n",
      " [-0.0100383   0.00118963  0.00367198]]\n",
      "x [-0.16237749  2.99847658 -0.08660691 -0.1620865   2.99975887 -0.16144633\n",
      " -0.1629127  -0.16265941 -2.99950535 -2.99938285 -0.1620384  -0.16023296\n",
      " -0.0850393  -3.0013405  -0.16182147 -0.08633732]\n",
      "dx [ 0.     0.     0.     0.     0.001  0.001  0.     0.     0.     0.     0.\n",
      "  0.001  0.001 -0.001  0.     0.001]\n",
      "Cb [[ 0.09179445  0.00324376 -0.01003977]\n",
      " [ 0.00324376  0.02315702  0.00118793]\n",
      " [-0.01003977  0.00118793  0.00367279]]\n",
      "x [-0.16037749  3.00047658 -0.08760691 -0.1600865   2.99775887 -0.16244633\n",
      " -0.1609127  -0.16365941 -3.00150535 -3.00138285 -0.1630384  -0.16123296\n",
      " -0.0860393  -3.0003405  -0.16282147 -0.08733732]\n",
      "dx [ 0.001  0.001  0.     0.001  0.     0.     0.001  0.    -0.001 -0.001  0.\n",
      "  0.     0.     0.     0.     0.   ]\n",
      "Cb [[ 0.09179144  0.00323435 -0.01003696]\n",
      " [ 0.00323435  0.0231534   0.0011911 ]\n",
      " [-0.01003696  0.0011911   0.00367118]]\n",
      "x [-0.16137749  2.99847658 -0.08860691 -0.1610865   2.99975887 -0.16344633\n",
      " -0.1619127  -0.16165941 -3.00050535 -3.00038285 -0.1610384  -0.16223296\n",
      " -0.0870393  -2.9993405  -0.16082147 -0.08833732]\n",
      "dx [ 0.     0.     0.     0.     0.001  0.     0.     0.001  0.     0.     0.001\n",
      "  0.     0.     0.     0.001  0.   ]\n",
      "Cb [[ 0.09179404  0.00324224 -0.0100383 ]\n",
      " [ 0.00324224  0.02315537  0.00118917]\n",
      " [-0.0100383   0.00118917  0.00367196]]\n",
      "x [-0.16237749  3.00047658 -0.08660691 -0.1620865   2.99775887 -0.16144633\n",
      " -0.1629127  -0.16265941 -2.99950535 -2.99938285 -0.1620384  -0.16023296\n",
      " -0.0850393  -3.0013405  -0.16182147 -0.08633732]\n",
      "dx [ 0.     0.001  0.001  0.     0.     0.001  0.     0.     0.     0.     0.\n",
      "  0.001  0.001 -0.001  0.     0.001]\n",
      "Cb [[ 0.09179536  0.00324587 -0.01003977]\n",
      " [ 0.00324587  0.02315707  0.0011877 ]\n",
      " [-0.01003977  0.0011877   0.00367278]]\n",
      "x [-0.16037749  2.99847658 -0.08760691 -0.1630865   2.99975887 -0.16244633\n",
      " -0.1609127  -0.16065941 -3.00150535 -3.00138285 -0.1630384  -0.16123296\n",
      " -0.0860393  -3.0003405  -0.16282147 -0.08733732]\n",
      "dx [ 0.001  0.     0.     0.     0.001  0.     0.001  0.001 -0.001 -0.001  0.\n",
      "  0.     0.     0.     0.     0.   ]\n",
      "Cb [[ 0.09179144  0.00323435 -0.01003696]\n",
      " [ 0.00323435  0.0231534   0.0011911 ]\n",
      " [-0.01003696  0.0011911   0.00367118]]\n",
      "x [-0.16137749  3.00047658 -0.08560691 -0.1610865   2.99775887 -0.16344633\n",
      " -0.1619127  -0.16165941 -3.00050535 -3.00038285 -0.1610384  -0.16223296\n",
      " -0.0870393  -2.9993405  -0.16082147 -0.08833732]\n",
      "dx [ 0.     0.001  0.001  0.001  0.     0.     0.     0.     0.     0.     0.001\n",
      "  0.     0.     0.     0.001  0.   ]\n",
      "Cb [[ 0.09179221  0.00323804 -0.0100383 ]\n",
      " [ 0.00323804  0.02315526  0.00118963]\n",
      " [-0.0100383   0.00118963  0.00367198]]\n",
      "x [-0.16237749  2.99847658 -0.08660691 -0.1620865   2.99975887 -0.16144633\n",
      " -0.1629127  -0.16265941 -2.99950535 -2.99938285 -0.1620384  -0.16023296\n",
      " -0.0850393  -3.0013405  -0.16182147 -0.08633732]\n",
      "dx [ 0.     0.     0.     0.     0.001  0.001  0.     0.     0.     0.     0.\n",
      "  0.001  0.001 -0.001  0.     0.001]\n",
      "Cb [[ 0.09179445  0.00324376 -0.01003977]\n",
      " [ 0.00324376  0.02315702  0.00118793]\n",
      " [-0.01003977  0.00118793  0.00367279]]\n",
      "x [-0.16037749  3.00047658 -0.08760691 -0.1600865   2.99775887 -0.16244633\n",
      " -0.1609127  -0.16365941 -3.00150535 -3.00138285 -0.1630384  -0.16123296\n",
      " -0.0860393  -3.0003405  -0.16282147 -0.08733732]\n",
      "dx [ 0.001  0.001  0.     0.001  0.     0.     0.001  0.    -0.001 -0.001  0.\n",
      "  0.     0.     0.     0.     0.   ]\n",
      "Cb [[ 0.09179144  0.00323435 -0.01003696]\n",
      " [ 0.00323435  0.0231534   0.0011911 ]\n",
      " [-0.01003696  0.0011911   0.00367118]]\n",
      "x [-0.16137749  2.99847658 -0.08860691 -0.1610865   2.99975887 -0.16344633\n",
      " -0.1619127  -0.16165941 -3.00050535 -3.00038285 -0.1610384  -0.16223296\n",
      " -0.0870393  -2.9993405  -0.16082147 -0.08833732]\n",
      "dx [ 0.     0.     0.     0.     0.001  0.     0.     0.001  0.     0.     0.001\n",
      "  0.     0.     0.     0.001  0.   ]\n",
      "Cb [[ 0.09179404  0.00324224 -0.0100383 ]\n",
      " [ 0.00324224  0.02315537  0.00118917]\n",
      " [-0.0100383   0.00118917  0.00367196]]\n",
      "x [-0.16237749  3.00047658 -0.08660691 -0.1620865   2.99775887 -0.16144633\n",
      " -0.1629127  -0.16265941 -2.99950535 -2.99938285 -0.1620384  -0.16023296\n",
      " -0.0850393  -3.0013405  -0.16182147 -0.08633732]\n",
      "dx [ 0.     0.001  0.001  0.     0.     0.001  0.     0.     0.     0.     0.\n",
      "  0.001  0.001 -0.001  0.     0.001]\n",
      "Cb [[ 0.09179536  0.00324587 -0.01003977]\n",
      " [ 0.00324587  0.02315707  0.0011877 ]\n",
      " [-0.01003977  0.0011877   0.00367278]]\n",
      "x [-0.16037749  2.99847658 -0.08760691 -0.1630865   2.99975887 -0.16244633\n",
      " -0.1609127  -0.16065941 -3.00150535 -3.00138285 -0.1630384  -0.16123296\n",
      " -0.0860393  -3.0003405  -0.16282147 -0.08733732]\n",
      "dx [ 0.001  0.     0.     0.     0.001  0.     0.001  0.001 -0.001 -0.001  0.\n",
      "  0.     0.     0.     0.     0.   ]\n",
      "Cb [[ 0.09179144  0.00323435 -0.01003696]\n",
      " [ 0.00323435  0.0231534   0.0011911 ]\n",
      " [-0.01003696  0.0011911   0.00367118]]\n",
      "x [-0.16137749  3.00047658 -0.08560691 -0.1610865   2.99775887 -0.16344633\n",
      " -0.1619127  -0.16165941 -3.00050535 -3.00038285 -0.1610384  -0.16223296\n",
      " -0.0870393  -2.9993405  -0.16082147 -0.08833732]\n",
      "dx [ 0.     0.001  0.001  0.001  0.     0.     0.     0.     0.     0.     0.001\n",
      "  0.     0.     0.     0.001  0.   ]\n",
      "Cb [[ 0.09179221  0.00323804 -0.0100383 ]\n",
      " [ 0.00323804  0.02315526  0.00118963]\n",
      " [-0.0100383   0.00118963  0.00367198]]\n",
      "x [-0.16237749  2.99847658 -0.08660691 -0.1620865   2.99975887 -0.16144633\n",
      " -0.1629127  -0.16265941 -2.99950535 -2.99938285 -0.1620384  -0.16023296\n",
      " -0.0850393  -3.0013405  -0.16182147 -0.08633732]\n",
      "dx [ 0.     0.     0.     0.     0.001  0.001  0.     0.     0.     0.     0.\n",
      "  0.001  0.001 -0.001  0.     0.001]\n",
      "Cb [[ 0.09179445  0.00324376 -0.01003977]\n",
      " [ 0.00324376  0.02315702  0.00118793]\n",
      " [-0.01003977  0.00118793  0.00367279]]\n",
      "x [-0.16037749  3.00047658 -0.08760691 -0.1600865   2.99775887 -0.16244633\n",
      " -0.1609127  -0.16365941 -3.00150535 -3.00138285 -0.1630384  -0.16123296\n",
      " -0.0860393  -3.0003405  -0.16282147 -0.08733732]\n",
      "dx [ 0.001  0.001  0.     0.001  0.     0.     0.001  0.    -0.001 -0.001  0.\n",
      "  0.     0.     0.     0.     0.   ]\n",
      "Cb [[ 0.09179144  0.00323435 -0.01003696]\n",
      " [ 0.00323435  0.0231534   0.0011911 ]\n",
      " [-0.01003696  0.0011911   0.00367118]]\n",
      "x [-0.16137749  2.99847658 -0.08860691 -0.1610865   2.99975887 -0.16344633\n",
      " -0.1619127  -0.16165941 -3.00050535 -3.00038285 -0.1610384  -0.16223296\n",
      " -0.0870393  -2.9993405  -0.16082147 -0.08833732]\n",
      "dx [ 0.     0.     0.     0.     0.001  0.     0.     0.001  0.     0.     0.001\n",
      "  0.     0.     0.     0.001  0.   ]\n",
      "Cb [[ 0.09179404  0.00324224 -0.0100383 ]\n",
      " [ 0.00324224  0.02315537  0.00118917]\n",
      " [-0.0100383   0.00118917  0.00367196]]\n",
      "x [-0.16237749  3.00047658 -0.08660691 -0.1620865   2.99775887 -0.16144633\n",
      " -0.1629127  -0.16265941 -2.99950535 -2.99938285 -0.1620384  -0.16023296\n",
      " -0.0850393  -3.0013405  -0.16182147 -0.08633732]\n",
      "dx [ 0.     0.001  0.001  0.     0.     0.001  0.     0.     0.     0.     0.\n",
      "  0.001  0.001 -0.001  0.     0.001]\n",
      "Cb [[ 0.09179536  0.00324587 -0.01003977]\n",
      " [ 0.00324587  0.02315707  0.0011877 ]\n",
      " [-0.01003977  0.0011877   0.00367278]]\n",
      "x [-0.16037749  2.99847658 -0.08760691 -0.1630865   2.99975887 -0.16244633\n",
      " -0.1609127  -0.16065941 -3.00150535 -3.00138285 -0.1630384  -0.16123296\n",
      " -0.0860393  -3.0003405  -0.16282147 -0.08733732]\n",
      "dx [ 0.001  0.     0.     0.     0.001  0.     0.001  0.001 -0.001 -0.001  0.\n",
      "  0.     0.     0.     0.     0.   ]\n",
      "Cb [[ 0.09179144  0.00323435 -0.01003696]\n",
      " [ 0.00323435  0.0231534   0.0011911 ]\n",
      " [-0.01003696  0.0011911   0.00367118]]\n",
      "x [-0.16137749  3.00047658 -0.08560691 -0.1610865   2.99775887 -0.16344633\n",
      " -0.1619127  -0.16165941 -3.00050535 -3.00038285 -0.1610384  -0.16223296\n",
      " -0.0870393  -2.9993405  -0.16082147 -0.08833732]\n",
      "dx [ 0.     0.001  0.001  0.001  0.     0.     0.     0.     0.     0.     0.001\n",
      "  0.     0.     0.     0.001  0.   ]\n",
      "Cb [[ 0.09179221  0.00323804 -0.0100383 ]\n",
      " [ 0.00323804  0.02315526  0.00118963]\n",
      " [-0.0100383   0.00118963  0.00367198]]\n",
      "x [-0.16237749  2.99847658 -0.08660691 -0.1620865   2.99975887 -0.16144633\n",
      " -0.1629127  -0.16265941 -2.99950535 -2.99938285 -0.1620384  -0.16023296\n",
      " -0.0850393  -3.0013405  -0.16182147 -0.08633732]\n",
      "dx [ 0.     0.     0.     0.     0.001  0.001  0.     0.     0.     0.     0.\n",
      "  0.001  0.001 -0.001  0.     0.001]\n",
      "Cb [[ 0.09179445  0.00324376 -0.01003977]\n",
      " [ 0.00324376  0.02315702  0.00118793]\n",
      " [-0.01003977  0.00118793  0.00367279]]\n",
      "x [-0.16037749  3.00047658 -0.08760691 -0.1600865   2.99775887 -0.16244633\n",
      " -0.1609127  -0.16365941 -3.00150535 -3.00138285 -0.1630384  -0.16123296\n",
      " -0.0860393  -3.0003405  -0.16282147 -0.08733732]\n",
      "dx [ 0.001  0.001  0.     0.001  0.     0.     0.001  0.    -0.001 -0.001  0.\n",
      "  0.     0.     0.     0.     0.   ]\n",
      "Cb [[ 0.09179144  0.00323435 -0.01003696]\n",
      " [ 0.00323435  0.0231534   0.0011911 ]\n",
      " [-0.01003696  0.0011911   0.00367118]]\n",
      "x [-0.16137749  2.99847658 -0.08860691 -0.1610865   2.99975887 -0.16344633\n",
      " -0.1619127  -0.16165941 -3.00050535 -3.00038285 -0.1610384  -0.16223296\n",
      " -0.0870393  -2.9993405  -0.16082147 -0.08833732]\n",
      "dx [ 0.     0.     0.     0.     0.001  0.     0.     0.001  0.     0.     0.001\n",
      "  0.     0.     0.     0.001  0.   ]\n",
      "Cb [[ 0.09179404  0.00324224 -0.0100383 ]\n",
      " [ 0.00324224  0.02315537  0.00118917]\n",
      " [-0.0100383   0.00118917  0.00367196]]\n",
      "x [-0.16237749  3.00047658 -0.08660691 -0.1620865   2.99775887 -0.16144633\n",
      " -0.1629127  -0.16265941 -2.99950535 -2.99938285 -0.1620384  -0.16023296\n",
      " -0.0850393  -3.0013405  -0.16182147 -0.08633732]\n",
      "dx [ 0.     0.001  0.001  0.     0.     0.001  0.     0.     0.     0.     0.\n",
      "  0.001  0.001 -0.001  0.     0.001]\n",
      "Cb [[ 0.09179536  0.00324587 -0.01003977]\n",
      " [ 0.00324587  0.02315707  0.0011877 ]\n",
      " [-0.01003977  0.0011877   0.00367278]]\n",
      "x [-0.16037749  2.99847658 -0.08760691 -0.1630865   2.99975887 -0.16244633\n",
      " -0.1609127  -0.16065941 -3.00150535 -3.00138285 -0.1630384  -0.16123296\n",
      " -0.0860393  -3.0003405  -0.16282147 -0.08733732]\n",
      "dx [ 0.001  0.     0.     0.     0.001  0.     0.001  0.001 -0.001 -0.001  0.\n",
      "  0.     0.     0.     0.     0.   ]\n",
      "Cb [[ 0.09179144  0.00323435 -0.01003696]\n",
      " [ 0.00323435  0.0231534   0.0011911 ]\n",
      " [-0.01003696  0.0011911   0.00367118]]\n",
      "x [-0.16137749  3.00047658 -0.08560691 -0.1610865   2.99775887 -0.16344633\n",
      " -0.1619127  -0.16165941 -3.00050535 -3.00038285 -0.1610384  -0.16223296\n",
      " -0.0870393  -2.9993405  -0.16082147 -0.08833732]\n",
      "dx [ 0.     0.001  0.001  0.001  0.     0.     0.     0.     0.     0.     0.001\n",
      "  0.     0.     0.     0.001  0.   ]\n",
      "Cb [[ 0.09179221  0.00323804 -0.0100383 ]\n",
      " [ 0.00323804  0.02315526  0.00118963]\n",
      " [-0.0100383   0.00118963  0.00367198]]\n",
      "x [-0.16237749  2.99847658 -0.08660691 -0.1620865   2.99975887 -0.16144633\n",
      " -0.1629127  -0.16265941 -2.99950535 -2.99938285 -0.1620384  -0.16023296\n",
      " -0.0850393  -3.0013405  -0.16182147 -0.08633732]\n",
      "dx [ 0.     0.     0.     0.     0.001  0.001  0.     0.     0.     0.     0.\n",
      "  0.001  0.001 -0.001  0.     0.001]\n",
      "Cb [[ 0.09179445  0.00324376 -0.01003977]\n",
      " [ 0.00324376  0.02315702  0.00118793]\n",
      " [-0.01003977  0.00118793  0.00367279]]\n",
      "x [-0.16037749  3.00047658 -0.08760691 -0.1600865   2.99775887 -0.16244633\n",
      " -0.1609127  -0.16365941 -3.00150535 -3.00138285 -0.1630384  -0.16123296\n",
      " -0.0860393  -3.0003405  -0.16282147 -0.08733732]\n",
      "dx [ 0.001  0.001  0.     0.001  0.     0.     0.001  0.    -0.001 -0.001  0.\n",
      "  0.     0.     0.     0.     0.   ]\n",
      "Cb [[ 0.09179144  0.00323435 -0.01003696]\n",
      " [ 0.00323435  0.0231534   0.0011911 ]\n",
      " [-0.01003696  0.0011911   0.00367118]]\n",
      "x [-0.16137749  2.99847658 -0.08860691 -0.1610865   2.99975887 -0.16344633\n",
      " -0.1619127  -0.16165941 -3.00050535 -3.00038285 -0.1610384  -0.16223296\n",
      " -0.0870393  -2.9993405  -0.16082147 -0.08833732]\n",
      "dx [ 0.     0.     0.     0.     0.001  0.     0.     0.001  0.     0.     0.001\n",
      "  0.     0.     0.     0.001  0.   ]\n",
      "Cb [[ 0.09179404  0.00324224 -0.0100383 ]\n",
      " [ 0.00324224  0.02315537  0.00118917]\n",
      " [-0.0100383   0.00118917  0.00367196]]\n",
      "x [-0.16237749  3.00047658 -0.08660691 -0.1620865   2.99775887 -0.16144633\n",
      " -0.1629127  -0.16265941 -2.99950535 -2.99938285 -0.1620384  -0.16023296\n",
      " -0.0850393  -3.0013405  -0.16182147 -0.08633732]\n",
      "dx [ 0.     0.001  0.001  0.     0.     0.001  0.     0.     0.     0.     0.\n",
      "  0.001  0.001 -0.001  0.     0.001]\n",
      "Cb [[ 0.09179536  0.00324587 -0.01003977]\n",
      " [ 0.00324587  0.02315707  0.0011877 ]\n",
      " [-0.01003977  0.0011877   0.00367278]]\n",
      "x [-0.16037749  2.99847658 -0.08760691 -0.1630865   2.99975887 -0.16244633\n",
      " -0.1609127  -0.16065941 -3.00150535 -3.00138285 -0.1630384  -0.16123296\n",
      " -0.0860393  -3.0003405  -0.16282147 -0.08733732]\n",
      "dx [ 0.001  0.     0.     0.     0.001  0.     0.001  0.001 -0.001 -0.001  0.\n",
      "  0.     0.     0.     0.     0.   ]\n",
